12309
12340
12373
12428
12445
12465
12468
12481
12498
12505
12515
12533
12551
12559
12607
12650
12734
12797
12835
12839
12845948
12850
12906
12922
12954
12974
13018
13060
13097
13113
13180
13182
13183
13253
13254
13284
137
15360
15437
15472
15515
15529
15553
15584
15605
15607
15660
15663
15668
15691
15714
15715
15720
15746
15788
15807
15831
15887
15923
15981
16004
16027
16052
16076
16141
16144
16161
16177
16191
16210
16232
16257
16297
196654
196708
196749
196753
196761
196784
196865
196880
196919
196956
196966
196983
197022
197075
197126
197211
197290
197293
197319
197352
197440
197506
197589
197650
197664
197807
197825
197835
197845
197850
197859
197948
197954
198013
198017
198045
198049
198090
198102
198186
198240
198291
198319
198320
198349
198380
198399
198434
198471
198697
198721
198772
198800
198830
198843
198887
198898
198916
198919
199026
199039
199042
199084
199181
199202
199237
199309
199324
199342
199348
199477
199509
199536
199547
199606
199613
199617
199649
199666
199941
200073
200108
20487
20522
20554
20580
20604
20608
20637
20658
20697
20707
20711
20745
20746
20794
20819
20865
20912
20913
20924
20942
20959
20972
20981
20992
20993
21006
21014
21034
21056
21058
21086
21101
21115
21134
21176
21199
21309
21333
21429
21451
21454
21469
21471
24608
24717
24749
24780
24796
24802
24805
24817
24869
24880
24915
24994
25002
25156
25300
25301
25305
25309
25350
25488
25518
25569
25804
2593
2594
2595
2596
2597
28675
28742
28767
28791
28805
28831
28937
28999
29036
29050
29082
29094
29177
29270
29307
29312
29419
29438
29564
29598
29609
30848
30970
31033
31043
31067
31076
31086
31115
31121
31144
31194
31222
31238
31263
31319
31403
31467
31495
31570
31611
31638
31686
31728
3228
3242
3275
33942
33964
33982
33986
34072
34129
34216
34382
34405
34526
34534
34606
34613
34618
34650
34695
34699
34725
34731
34758
34759
35006
35110
35114
35130
35131
35146
35155
35193
35314
35359
35485
35514
35519
35574
35612
35617
35666
35719
39044
39212
39217
39250
39423
39479
39514
39636
39638
39657
39719
39729
39808
39887
39926
41094
41100
41160
41169
41277
41325
41364
41381
41470
41497
41606
41644
41651
41734
41827
41836
41849
41986
42015
42180
42275
42425
42463
42515
42538
42650
42665
42669
42737
42818
42933
42985
43185
43364
43389
43611
43625
43731
43756
43923
43942
43954
43960
43976
43989
44059
44062
44084
44091
44092
44219
44326
44473
44485
44512
44513
44567
44591
44701
44721
44741
44747
44767
44787
44793
44831
44898
44936
44942
44957
45015
45041
47136
47178
47187
47217
47224
47242
47353
47358
47406
47408
47473
47568
47646
47735
47750
47875
47880
47912
47927
47986
48135
48191
48251
48291
48382
48394
48423
48500
48544
48617
48634
48769
48815
48874
49073
49215
49265
49355
49360
49431
49524
49535
49579
49605
49640
49653
49733
49877
49924
49976
49979
49991
50112
50196
50316
50394
50417
50428
50507
50552
50627
50809
50891
51065
51139
51233
51300
51499
51569
51580
51708
51853
51940
52025
52030
52083
52109
5382
5392
5394
5502
5609
56320
56366
56376
56472
56550
56641
56754
56911
56974
57039
57144
57300
57329
57343
57345
57371
57394
57426
57469
57507
57514
57525
57558
57817
57846
57922
58177
58280
59419
59699
60227
60260
60261
60432
60451
60475
60530
60706
60756
60772
60783
60798
60814
60822
60965
60975
60989
61079
61103
61315
6665
6691
6734
6737
6831
6836
6840
6882
8217
8224
8234
8244
8265
8527
8539
8564
8660
8816
8822
8855
8884
8911
8922
8980
9026
9076
9093
9104
9137
