57573
44919
51875
5006
29648
47251
42368
197145
42291
4628
53118
17579
21640
15108
1785
8419
43350
29030
19092
24783
197300
45261
48467
43975
49774
21215
4358
35717
16410
52957
39685
262354
16084
197617
56611
11427
31359
18391
18647
62446
31038
44498
39205
61163
37371
132837
5464
35177
47439
11280
198934
29998
4319
13760
27193
6327
14363
11798
6894
198432
20873
4261
55720
43067
17814
20459
51964
44020
56038
7479
10220
39906
31444
46719
34359
29527
33097
42723
56910
32837
33796
28352
52950
16073
52851
21057
47517
19165
41966
51551
23171
47196
6421
4704
37027
54523
5433
29363
10430
57753
199127
10774
7514
11383
558
51025
22355
24176
49866
36394
198571
15026
10238
1
31083
10770
8100
26929
40660
57739
29140
57474
52579
17927
28359
42339
9842
262997
12303
8711
21236
31581
27044
56774
11975
8153
20594
53488
5668
9808
21879
30336
15474
24278
13110
42819
7575
132649
51032
28667
54327
12021
31203
50315
49371
15886
27393
50059
8649
13977
50503
9930
15723
48569
40092
37185
7087
24631
327694
13227
112
19873
16887
262740
28212
8851
132687
10158
13787
39756
12258
9255
42235
2116
34448
58452
12334
51813
42480
43152
8251
6568
56360
46873
16171
36063
52659
7963
34250
34748
28640
52604
16580
28329
51031
8607
196965
31588
25649
132365
39737
49677
39647
132862
20096
41750
34323
23700
16245
16302
43268
27582
33695
36003
25091
132074
18185
131728
1294
36024
29690
13069
48106
18632
781
51708
14430
62668
47637
35369
49131
31244
12406
11272
44237
5578
26328
47223
24367
8801
57807
15954
31218
10229
10026
18007
200019
13319
52925
8661
48287
18491
263035
7717
198541
45816
45456
197264
28658
20581
10550
7219
27696
52263
22568
50859
52389
59249
14743
23650
1764
33491
25460
34378
34530
8847
55666
14103
38511
41095
25505
34358
50258
30892
9286
38529
23404
25818
9293
131324
41403
29066
56106
5650
47236
6660
20661
7212
12976
21981
2505
25273
22561
15772
45013
9264
9110
8364
44775
8280
23911
8111
58621
37156
8708
38790
48452
20163
54113
28884
9316
48838
7552
29414
33164
9497
15695
25625
4058
32795
60848
36621
38081
55186
43708
14554
26360
36915
11475
23699
35625
15129
57948
29491
28377
20860
21947
35566
9790
25424
55264
45903
30653
24923
8376
35993
9993
43284
45166
14909
21493
10101
11269
6905
44890
22364
21261
16110
39816
35228
51241
20029
9924
37224
9241
7922
24864
56844
21571
21548
26096
16262
24218
39702
20694
33470
38880
200023
9622
7718
5690
4652
44953
31239
44988
4847
132272
48173
57944
41585
31985
60212
10135
49140
45528
56799
16417
11215
30712
36881
10201
9889
42313
26949
6921
52573
44266
8781
17443
21409
28283
47151
32915
58085
33548
50466
25973
13157
22850
52941
5564
20965
198157
600
80
61070
10954
45192
383
22822
45820
2497
28244
16523
57023
16462
40653
29107
15491
35059
47242
4597
12387
3208
19052
48243
26838
12297
18485
14313
23948
56323
12380
2730
16796
3255
33251
38146
34572
51461
28118
19653
20766
262665
45514
4610
60859
48943
35004
13335
12541
45328
21627
21430
6667
25542
21379
17726
30900
8330
22759
41913
53535
12555
42832
3549
42526
55309
5410
7527
36031
198297
20299
35548
51200
31250
29737
9722
7049
41209
30955
23047
46699
6458
31495
45349
37349
50362
2706
21195
23905
45483
8546
48654
46508
29456
36327
47894
24990
44943
28255
50920
31577
38022
42574
12310
12577
28262
27759
23953
30186
42845
40661
13994
48850
27939
38165
9821
45289
49785
22153
42852
34201
6679
26827
40430
52554
10507
48737
17841
24490
6694
1886
32068
43209
9627
37061
53071
131583
49458
2500
16399
3303
12294
21501
198738
6337
39964
26794
50020
9127
19024
39612
6863
52360
35558
57973
34630
21508
16637
35002
25163
38031
61372
263047
43966
18081
23642
21414
54154
46929
56833
38773
27026
28996
262793
20912
6880
22197
38193
24576
56246
132497
55532
14133
11666
9354
9396
262819
43545
24528
41571
9387
52482
21864
30041
42755
26215
34279
32622
20900
24607
23563
27970
262366
20919
4185
34273
33409
8343
56308
18403
62904
41307
3330
13003
22608
14361
34267
12392
10013
54972
24192
19554
38984
4476
8764
30855
17501
3216
1239
132335
7600
41943
17183
35313
9848
49897
29544
42429
21123
28891
61433
196914
20283
27748
53163
48044
198602
3464
13802
35602
49066
14985
22070
24074
224
9325
49983
34970
19406
2711
33514
29691
39651
263018
37045
17816
31334
43557
19050
23421
44733
61349
1435
9519
38527
47694
11468
5576
34781
132490
27069
51957
196745
19429
43852
6295
11996
50045
40076
6045
42000
10143
38887
22381
27983
4558
3361
27553
22581
3593
34221
24751
7260
43940
48695
263584
51530
45425
34270
40805
132581
14386
41557
13105
17227
25394
58552
48559
49630
27720
29007
47655
21686
45671
44306
42916
14904
4262
34524
7753
2044
9513
20005
10457
45669
6189
26878
46785
1600
21151
9584
603
54225
31479
51380
196695
4997
17707
262832
56040
8554
16338
13091
27524
4777
20340
53713
131706
52370
37304
42787
26592
3340
35087
43989
26084
15366
18777
6498
42632
24637
6747
31306
55526
19114
16657
11178
15153
35239
13618
19440
12835
39442
21840
43714
37276
17465
16211
41560
29128
1936
35374
197985
24535
36907
30990
59498
11403
7991
18882
41164
24582
42883
44843
57782
855
12842
54648
39649
30960
680
12089
39279
18233
12154
47395
7735
23923
43391
15102
31100
16832
8400
1680
35908
61360
8452
5588
8468
12455
262820
13706
31225
43266
41692
50647
41997
32678
38769
11711
38186
30999
43213
27631
41972
41152
262822
198413
5539
42402
52294
33659
24962
21021
9341
14877
263075
13855
13178
9526
56534
56462
262438
2607
8676
58803
13825
19008
30910
58825
38778
376
6598
59431
39605
46632
47218
6453
52909
6067
12182
41540
23871
17981
48719
28760
22243
20618
1213
197247
262287
50515
58247
34304
3254
31605
15133
36618
13000
197035
51744
45280
34711
14200
43865
38737
197826
3323
25182
6758
4804
3058
52324
26244
53202
5388
22573
33765
49095
26978
9656
45538
8226
17497
30496
46446
30868
30975
51074
21747
13329
51273
39797
26181
33302
41710
12008
11970
52168
41508
52654
38095
7453
43106
30130
22652
18259
14638
32017
10098
40948
10279
15785
17820
34288
37209
47602
18676
26271
3043
22402
17014
55427
41875
30693
10911
30781
11722
58507
33363
41572
41900
12993
16016
31257
196865
24521
53224
29485
3
21911
58933
50269
49791
20504
9153
40383
37463
47141
3269
41440
6261
26935
48166
62969
2830
48948
14756
25195
1273
53927
7632
23779
4557
2721
35415
3595
12605
4788
13789
14399
52880
49269
16810
52590
42945
58616
6673
47269
26198
48555
41268
8752
9957
8151
37183
36996
53486
33652
39418
4761
28550
9556
3786
594
6746
60771
34875
27258
46636
12978
22709
28719
8410
27181
55685
40784
12956
10764
32869
53199
51815
45352
50864
8515
2118
38182
12739
2597
21131
12732
17565
7843
27659
60685
8517
40913
3912
23383
56042
28750
25081
6300
43150
16150
20018
12963
14705
15936
25932
51034
29286
28580
18351
19895
43769
28233
31304
53112
8990
18183
32477
199071
27900
41023
15703
5730
21321
8636
58666
1591
49557
17359
38713
25145
25086
27272
45588
5606
28032
15943
21287
37373
58606
13214
3544
34450
23316
9268
51619
262202
8331
24872
45204
31036
30969
58704
42298
36856
38759
37149
56030
42979
13578
30688
198357
6619
29467
21309
45035
56510
31357
56582
5466
39242
19229
9246
34177
17143
32982
200162
17734
20714
26114
8778
50771
25251
52762
39257
11057
8530
28513
10282
8491
36248
8999
198367
31363
39728
30340
8342
51346
15517
6407
17934
15673
16450
7993
8431
17812
33924
58908
27951
26253
25071
50024
43537
27531
9875
13009
51400
52952
48089
5612
27556
34034
198437
16295
56707
33930
18398
27993
18404
7250
21232
28712
20686
42310
47468
31932
1945
31321
31163
4808
15389
549
8002
28707
40715
45786
7018
9049
58193
28183
55561
54607
7020
59653
10302
17961
10835
32451
42337
23576
16713
29844
37347
8808
13692
16876
23308
28346
43230
59587
31137
20811
50606
30827
10947
16700
17911
4589
49070
50625
55350
197204
43892
12618
16794
12322
12594
8838
16260
14627
25467
53999
59632
17895
16668
7511
17131
60948
50156
51373
3728
34042
35628
320
39904
59541
51611
53318
37932
31692
819
50949
133064
20755
13247
19541
12256
28906
42892
2578
26105
20454
7469
43555
28768
132132
18364
52872
25299
45572
15541
21270
16943
46746
263052
23752
5726
23486
24029
21782
2495
34549
132602
48123
3246
42800
25447
15533
13289
13273
21351
18487
6062
29632
11081
58659
38622
22883
701
33125
9365
37137
13672
31673
197394
57673
19752
198330
39097
28938
30663
13180
29147
262688
12357
48212
338
262428
47794
38084
58436
39470
38148
25478
9439
10678
19384
53349
6682
199484
16128
16206
36961
13657
11096
43994
57397
21918
23367
23649
199383
11696
16896
10961
15774
714
58256
42954
49588
20771
37019
31371
61211
46707
27589
46664
29003
44395
19864
33965
48427
49079
50673
11904
25498
10692
46309
13189
263004
13032
30764
28886
50857
20530
22215
20533
52041
48289
54376
1705
39832
53648
31294
5390
36917
47635
30982
3561
21127
263594
53828
11888
132884
262401
7788
50396
25592
13045
35819
29074
199636
22534
20634
31112
55441
9737
47909
297
262756
8798
40498
21341
44291
44196
51093
6423
20057
37053
31476
23352
41858
12350
31499
28154
197999
28287
197377
10429
3701
56857
17826
262605
24785
44256
6830
21246
39331
21491
32626
262476
197502
10091
60764
18201
42049
49404
39560
11736
27033
39386
12986
54578
35568
31669
22284
17887
28136
18451
38456
9318
57096
51483
42177
197790
35033
24953
44467
16094
58699
31585
19158
45142
49981
54519
26339
37672
198477
6429
39642
8015
8309
24955
19404
6325
197636
36991
27843
25500
41426
21755
35362
16178
32425
196675
14864
34744
27318
17223
226
50844
7473
23671
198610
37179
9381
62
23889
60169
262806
6505
49964
20950
9000
49895
37545
16143
25132
10203
39199
1916
53145
36866
55002
17459
35297
39293
32881
42912
18624
34223
6912
24593
56677
10466
31738
47684
9824
15311
30147
47335
50300
43310
20569
262801
11541
7664
33438
262743
9143
55828
25920
27064
53070
44327
25127
9303
24523
3301
29685
8220
34501
12479
47696
54035
10145
31287
16971
50139
37012
131310
237
10029
29119
2519
16303
16097
42560
3212
29305
54974
17766
24187
13773
28125
197262
34757
12332
31059
7738
20764
24319
34139
33361
9503
14380
52175
39928
43319
31435
12709
21719
50810
19271
48112
6079
3257
42187
13016
15397
21299
8865
7430
56203
40237
62343
35421
22747
27932
31686
198036
5391
34513
262766
34784
37540
197530
8580
50917
11853
3356
38203
4551
13103
61190
39102
23951
28260
23796
33554
12312
5532
43586
23033
41749
12006
24832
1790
5639
45846
34241
12715
61081
34168
15024
48039
9614
2875
29571
48716
21442
15857
37996
132876
18015
41142
52660
45699
28509
57864
34385
47755
61004
51784
16138
17229
1221
28994
1200
16685
4193
51310
2107
7539
25184
20852
37088
48275
17253
1491
38082
53439
38285
9129
21766
54431
39676
38195
24641
20902
14615
62229
13536
21211
33971
32742
11668
199420
3662
57519
19582
34277
23935
14511
9730
30722
198191
9229
57873
53292
28141
19094
9205
14135
48030
5467
17492
15368
38771
16007
56691
24324
36930
24589
11986
13767
25385
5056
21877
17888
30574
132165
38018
16967
13999
53597
58656
9186
28745
10930
30925
22132
2140
26972
8972
6405
37255
24445
38961
52302
34307
46454
262668
14090
22241
15854
34770
197294
9535
9026
22388
29056
45037
36627
40069
16164
44574
2819
55298
23205
26210
35985
17232
6653
42840
35617
25082
23127
17126
31149
12305
38333
8920
5089
35725
16112
51999
18840
31849
270
24852
6517
1602
32034
57172
39704
12374
6395
7540
26321
22845
103
8228
62398
20555
4528
8689
4891
18260
18268
30132
32734
20940
6772
44265
37965
14263
39637
8391
55649
29895
30221
15595
60318
132197
1818
50266
30362
1837
35223
198312
41798
29465
24195
13415
41401
34944
12714
20257
2914
35104
20915
51054
11682
30036
52771
19496
24392
24536
51343
35539
13115
8445
48326
13088
262513
42794
262706
28152
53075
5738
4685
53506
29518
31477
52080
28683
35144
38861
23979
27229
17705
24235
29596
198415
39440
199082
11872
15250
33074
39794
52332
721
54756
39288
33907
39107
48538
15149
8412
12414
47270
23498
27822
40511
19037
41920
15932
852
197524
33657
52640
22110
7690
24590
20616
37306
31214
6734
12453
23899
35041
19366
14178
36383
6623
9371
39180
5552
9483
27138
29889
20081
57799
11713
13807
21479
40300
6856
8674
48612
7332
39040
41820
11342
43733
42705
2861
59444
17431
7505
53008
7529
42084
52519
71
39301
42877
19844
52971
54852
11170
17832
25540
16030
34315
53211
15765
31313
262914
18990
51246
27446
11921
35000
8473
27881
22995
35254
50675
14037
33604
42346
6527
26282
35641
16316
18111
49583
22870
262504
16921
4657
21354
37100
21497
198378
44468
3836
17996
9908
34619
15189
55353
32475
17402
2033
391
61034
46484
52752
32768
17462
8455
2907
39020
42102
45470
43927
42300
198785
33069
36149
40475
8273
4323
36992
30851
47313
59583
1653
26225
24588
31791
7481
35962
44075
50446
23881
21040
56048
20539
6221
31510
45309
28171
6140
39569
13270
48641
13407
34610
22927
55267
39115
197426
1580
5541
58514
50211
262420
5742
39167
4811
42109
3676
7303
42525
29073
132284
13345
33748
26134
35213
9066
196826
35592
48096
7533
24213
58209
20722
34723
20746
55406
25454
28368
9122
27288
6702
9351
50384
39034
42861
25249
26898
3527
6821
198279
14291
55581
31698
50008
4515
17018
49100
9714
13169
29748
18489
4779
45510
1614
39458
196844
4770
36416
56468
137
53605
197580
54098
56538
31713
53792
22909
35140
7546
262150
12494
6904
9443
41887
43712
8968
41853
17378
27006
19332
19956
29551
35047
16020
20222
12111
32448
34953
8246
47748
2686
28130
28730
262770
18530
196878
8870
26803
42425
10733
48159
25534
16152
10105
50607
12617
27135
29405
44882
43679
43782
28208
31519
766
18117
20193
25355
6536
7438
48331
30904
52637
47531
199524
48861
28890
7265
34145
46385
12593
24514
28511
50031
387
58738
1913
40193
6663
36057
9416
10118
4750
2200
57371
8310
2847
8300
16047
6347
11911
31893
132454
56662
29687
4617
58688
3479
44217
6871
45302
43583
1421
7819
29134
25651
57800
26739
41931
8569
28685
11951
20640
262859
37105
51759
8522
51827
7657
57433
2683
34056
30387
7057
12676
3644
24115
9989
11650
21419
52732
8542
25899
51555
12552
16175
48285
42396
50188
6730
58601
132597
27501
57659
62674
2715
3292
24626
3455
34355
36971
552
14085
49367
10031
12076
3766
28271
18705
57699
14742
33891
50027
23637
14669
12178
27948
7643
6580
16608
16610
25150
198435
39501
43031
33915
7568
197002
10913
34918
198826
33529
10756
22911
51011
15180
8779
21219
30162
8534
24287
25143
43700
198354
28201
198851
30746
25408
37619
47522
57470
41168
57795
38496
7850
31208
13693
24479
37006
17054
52696
57394
21282
32698
61223
12133
29000
38097
262321
36932
8560
12036
29933
20751
29396
8758
53018
7794
43109
9002
11767
55554
13776
197043
9070
45315
42504
14639
57843
11750
7544
41363
4314
8489
59595
21396
20485
12046
44980
35804
30619
22343
39839
58715
8469
43832
43764
41476
8844
4739
16218
2119
53653
34169
13433
52596
18379
1249
6846
51430
49883
47118
59211
21230
20621
28878
5661
53340
1668
35898
8368
34803
27992
22576
50165
36215
34019
23655
42490
42430
21599
12338
197726
29802
3754
29944
31263
19411
45253
31343
31029
45735
40762
33922
6620
26652
35810
16811
25180
17048
14413
19151
262336
42334
40911
28310
16397
12683
17897
8943
35311
2920
51342
196949
9003
39531
13607
11608
8614
262375
47702
22384
45763
44611
35574
42044
48262
45132
17746
54705
52981
197212
53708
34037
42880
32
25612
15440
59527
51406
21007
54044
6854
41435
12124
52974
15444
28184
15497
7311
41976
7636
42484
9113
16852
21156
20842
15
44963
19570
32976
12642
11486
17924
131717
31221
37516
11960
13055
3344
38091
145
17310
1759
7315
9226
15011
13645
6919
20704
43957
6910
56466
8601
41929
34430
3597
33156
31621
30072
18886
35332
27715
56737
22781
33327
58096
60777
30833
23869
198418
42403
12998
262643
43070
15962
39710
23372
43333
37468
42926
7902
33481
44581
28654
20910
8672
44914
55701
29124
58010
25576
2386
18889
44682
48614
33901
12085
38158
51426
45177
15577
32554
19506
12150
41552
5427
47215
51405
24778
41802
262310
29576
35788
24750
53053
23081
12200
13638
25885
22772
8387
54489
22625
12159
41034
109
52073
24245
18920
20376
198840
55410
53610
2764
13790
47887
48768
18033
4800
38639
8595
45187
14265
55670
47680
15735
31216
5049
33875
11025
197099
25282
22637
22653
30729
2072
30134
50438
38176
41871
24201
31556
48940
9189
40111
45414
263080
14633
19969
37986
30986
14605
39760
15589
15377
12491
23977
22730
44082
30984
53332
40557
17686
14753
34187
44715
197560
35737
28747
200020
197620
11242
43550
12847
34874
40224
50997
10021
45898
31649
5513
44515
40387
24931
31703
36696
3828
15348
31253
50550
34661
13414
48815
38740
28972
4773
13095
393238
35511
16344
36920
36625
9336
47720
14280
8648
23114
20682
2854
6122
27665
1781
26689
34171
7506
43130
575
15502
1835
59463
5523
4886
54815
39792
42227
16438
6848
12496
14325
12582
43496
198927
55236
39603
23913
19806
2734
44381
47862
15614
23465
35191
38917
27781
38524
35179
50613
17864
35401
8218
43843
10396
15081
4768
16285
23201
33597
132047
43541
47995
4809
34786
22351
49204
9733
31072
9829
39318
5483
15221
51005
43205
48897
62360
56228
41200
24680
131778
6263
22833
36290
47570
50278
36219
48004
4853
34325
34245
21390
15399
42186
48635
9560
28266
31726
13121
262773
47096
11844
30023
46064
49889
50477
25076
11457
24151
31376
25700
19624
56088
37560
11830
2828
5507
24066
28964
16413
42765
54676
46515
11432
53131
56257
17356
19080
46925
25529
7011
24572
48885
17762
9885
3308
30997
51896
6400
28999
41302
302
198720
62917
49413
34500
5400
262417
12564
48268
7908
8959
39326
43429
56247
60917
22219
42410
52375
48098
41622
9328
32222
13101
16065
41371
5430
20875
198412
10932
31318
34568
262458
11643
33203
27841
262380
29953
4763
34362
1930
29535
60496
12980
34295
31261
13237
48822
17554
27498
31268
23673
35370
2611
42387
20904
40528
43646
34205
34427
20960
5528
33588
42910
15552
27066
8903
50472
33210
30778
13951
22431
34254
11607
25160
48351
20001
15525
262429
50809
26622
45170
39216
262443
48309
16253
38036
3081
17955
35125
36958
48072
262827
30044
55351
35357
4152
198605
39045
16735
14988
5518
43882
24689
41495
30920
51155
50468
17230
49634
25490
21011
27651
262391
38322
60280
1616
53167
49931
50448
4694
48000
41783
56402
28986
31416
132142
3856
48172
28173
55766
8877
24130
17970
4266
8317
10010
197893
41631
19605
27895
55095
40341
24986
11992
20917
48229
40065
9163
199364
15372
52229
29039
51184
60358
5377
21513
27299
263053
13184
51110
7587
59613
28876
4845
48889
28285
39133
26668
48056
6700
48484
39010
3741
3324
5577
4813
50066
55713
40375
325
46849
13243
49749
12104
45230
39900
5404
42244
12041
24896
3525
16948
12400
21730
15605
44739
57285
16629
32719
28135
37057
8487
59239
31677
41101
15965
18001
8422
12329
7459
2901
17373
53043
34102
36622
43022
24541
28122
12668
198619
45451
41296
53359
47111
21483
14825
7828
17922
43045
17809
27008
11071
42459
262218
50153
8855
8763
49327
19830
49320
4637
7522
1741
9009
23956
55821
27400
30902
31614
15003
20598
45495
12181
62314
39626
28858
43097
262184
34123
34689
21150
39608
27419
38561
16582
8285
28242
40029
8879
47321
16422
15696
381
44512
35328
50763
51705
5385
26163
21574
49620
51762
11966
34844
196709
13285
31042
35274
11014
41399
49909
25653
16923
15065
7162
35054
25363
8395
2856
49808
35816
7667
44530
51740
44902
22205
15296
8692
22925
56149
11417
49301
12804
22750
31463
27357
30126
50892
39506
40260
18068
45472
12773
36820
62588
28784
15582
43144
20663
19918
29761
6614
44522
53005
3958
55355
35467
12381
8311
34934
20312
22128
41828
15468
333
5972
54412
29113
11114
33490
42353
34676
24919
25961
50717
14905
197158
25852
47264
49345
38544
2603
11563
35623
7
1701
50677
196705
14745
36944
13409
16086
21495
21385
36086
51587
52575
49689
47921
11841
13480
21528
47773
24730
11271
197750
44579
15544
13332
10965
8338
48882
37357
13385
9051
52727
35351
8586
3262
50923
37119
19693
37125
18092
30943
48910
8718
8323
8916
21042
197207
26375
24890
36352
262609
61417
29075
51944
22566
8893
262753
51889
19479
33544
6724
24228
21531
57771
22147
3313
12902
47843
29600
12437
19283
24077
44077
19855
262206
10015
276
198519
19422
53169
47562
57043
196957
13826
25148
27966
15456
34695
26938
34390
4307
46717
2586
27476
51028
14701
33005
9085
39405
50130
24155
42432
5603
35377
39412
9902
52095
23708
15725
19685
49550
37213
21480
25233
23657
23879
30373
49223
45346
20629
42708
15463
12545
23338
41369
55361
45271
6223
37187
6713
23523
8953
28703
28022
39725
9689
7235
196638
49641
58577
27768
53581
7470
13236
16863
45147
24916
43453
5462
22450
35018
13868
26967
10103
11030
7606
52327
19515
1277
23314
15219
17139
28293
29979
7597
59682
36873
17001
18046
20657
28186
29422
4181
12690
12127
9541
33934
8839
35007
16050
9298
2065
4150
15757
34848
20836
33148
7050
11430
20647
14585
55331
35168
4264
29190
12466
43874
34397
32421
40061
29062
37238
12952
20141
45458
198961
28338
26914
1423
18149
53497
60299
24682
10219
8565
53181
38217
22743
25513
28825
24492
23774
21280
53050
12946
20985
15641
50591
5496
30329
8371
9031
14739
23720
37457
3477
8816
29382
49352
29863
41897
18413
8950
18302
24904
52976
61337
62734
2688
21183
8559
45650
19261
12968
16696
33362
8804
16353
42510
21453
16467
48465
15626
26615
13591
40189
12843
41965
12615
24971
14751
15290
262999
36994
8571
12703
16154
6582
262587
25074
10288
51559
17338
199248
6648
25660
34573
132638
36645
47605
53062
6994
52768
30742
35132
54720
9916
53087
28630
21214
6677
57463
12271
42395
12026
38768
19117
8262
50331
41134
38209
18108
46887
262696
8047
18851
16617
3329
1226
33770
1853
43356
9270
2300
40281
60384
35302
31033
24093
14307
1955
17197
8985
8448
206
12556
43171
56514
38731
18678
48362
198381
5645
196864
52075
33764
7707
39356
42466
43103
4473
25531
13005
41967
6149
18687
36493
28555
32016
35631
16851
7029
45980
31251
9891
24047
21104
36843
27969
11290
8401
40538
4466
33668
24050
50643
58668
50639
6735
47121
28502
60929
12849
21437
51172
31474
40702
21724
28676
27705
50554
4826
1842
36471
46832
8741
9658
47535
30936
23304
26415
17885
12788
28598
31608
35838
34997
20460
24550
45796
2899
9136
35891
28205
59441
14635
197133
54961
48369
16256
57731
42673
1215
30881
18922
30988
33031
5033
50767
39121
34714
4837
6391
15401
29562
567
52374
9601
10474
29300
9155
43608
5511
42675
27266
8732
12971
53225
20632
31126
25843
12418
29449
41281
15668
25486
49029
13259
13106
30640
50304
47358
16160
50683
3112
3169
2609
7381
27757
196729
22356
18106
9919
24776
47872
22892
26501
11172
8544
4741
43831
263099
24875
198517
60716
43139
45043
262869
61231
6073
24634
35953
38248
59581
38566
39791
49445
33422
197071
2685
11550
24315
13119
45916
53080
25098
20838
3249
8771
4608
22702
22136
58313
48108
6853
23927
51606
15805
46215
11195
25694
3943
28881
33084
8470
5704
43435
262720
14390
50670
35067
53152
58682
23374
56949
50244
12767
44838
72
3371
48323
15960
24611
33077
31797
47623
16532
43950
39543
39347
38505
29670
11815
52965
39087
39184
12301
31661
17149
5429
43142
32654
23944
23265
3714
9038
57487
24940
28191
11901
12348
2637
14993
6509
13876
48919
12188
19036
32978
42965
22855
8423
56654
5498
16214
9308
52936
12941
20214
46061
32505
11557
34
41678
52142
40191
31195
8495
49063
1547
21249
25189
19401
23269
8365
47698
12252
17559
48571
53435
197765
12653
4680
198072
262725
20077
13173
30950
3225
15743
41925
28762
262402
58482
5384
14733
29442
14371
28309
132225
17622
43314
262788
17536
35742
22645
51648
34629
4554
14552
35598
11398
54543
35549
21413
34265
20932
10367
23829
2042
62796
15557
9500
197731
61121
27875
44684
5396
44700
28268
13126
24753
51395
44494
31425
57261
12316
53907
8697
46861
7911
27137
33576
132040
33843
668
28354
262805
22548
45896
38235
42277
7341
43197
57153
53388
27750
24183
4851
9505
41863
12580
25206
49106
29084
28303
40317
46015
26677
12833
33287
20959
53165
17224
49687
45667
9146
27322
497
29602
42132
6789
28646
198500
62929
45010
17639
19740
28257
3267
16221
44668
2647
22411
47713
56252
34704
196776
39179
8918
18809
15659
41190
9929
39668
30123
48080
10587
8249
7617
42583
62432
18734
18494
23541
20943
26769
61297
262847
41589
34275
9618
34968
9326
60706
6461
44941
9398
36620
29037
11032
40579
4775
33407
58587
17975
8896
6332
5431
50473
41008
48006
33525
14860
21804
15836
17660
6130
10242
40015
24762
20497
43659
15763
263072
7660
39636
12990
33983
5526
16904
31167
28145
4755
42695
60513
20783
29131
23838
41601
43061
30247
41554
61030
36631
21016
199393
25904
41562
42020
7679
51007
24549
46093
47927
33561
17151
14537
48738
198295
15694
35662
26793
33517
28168
16296
24210
37037
8039
36617
57872
24238
27978
263451
34779
16724
24400
4678
703
57344
9749
50084
25674
37084
28495
58717
34232
18059
10481
27717
35524
-1
38901
10882
24247
262446
18540
20712
6459
17696
15042
7004
5521
59519
53055
40457
19581
56868
33988
51474
15835
34913
54473
39611
24835
32479
52424
11051
11647
17633
9834
11351
44391
9208
56689
35371
24323
198035
23487
3302
8048
36295
35526
36616
38107
15085
50628
48683
28142
21461
3421
3238
13253
43911
16130
42010
17426
2134
31856
30475
3239
17675
22442
1887
31480
4258
27807
51623
32934
42184
7098
47895
13489
41938
16179
58389
60703
29886
8201
25386
24475
8008
22186
28649
5503
42575
19019
12353
46588
6824
11691
262589
50261
3218
20911
29644
393225
22958
20946
45482
50085
14929
45680
49414
34305
38888
52549
53692
11404
27364
8369
12764
15471
50843
27195
7194
21438
43936
47608
4445
42358
35776
9583
2518
23910
16181
196788
57259
49699
16837
11806
12430
55508
24547
29684
24522
35100
327693
27345
8462
11976
39451
53343
47656
8485
23936
5713
19875
57723
50710
39817
32623
25395
26479
4764
27751
38286
57049
262242
46449
36103
39145
37219
23947
44030
8457
11524
20763
21013
32083
32145
13077
45348
26753
43338
11562
60456
17226
57091
56672
50476
47883
57516
6181
25921
40581
8267
24579
6966
58291
10578
15744
7502
53786
42896
2614
24961
31364
45543
61316
133170
16949
5392
52477
34209
48424
13172
8190
52863
13132
53110
40285
26882
14369
32314
25496
3372
9386
60168
58960
18881
53162
23857
278
12687
40098
45019
32162
35152
15806
16509
14080
17685
5760
9044
47241
55383
27747
13781
1562
7352
31025
33154
17971
198419
39290
17557
24435
42038
21922
30838
30922
23002
43366
50534
13640
33852
45267
22571
52720
57273
30263
55953
39648
16210
4434
14828
18712
13703
52483
31494
41691
23216
10912
33970
13056
11168
199132
9731
42148
34372
4609
7272
36732
14262
35680
25847
12333
262526
22936
20535
27908
28438
55515
197595
30998
46366
21500
22646
30893
6471
9063
42702
33823
51178
43620
17506
23962
58307
16739
47165
9374
132246
54002
24889
47692
11139
39125
28036
46786
440
28153
58463
12423
56477
19318
8258
38462
8001
33189
14282
38809
3248
20676
57315
59497
12346
57412
37253
57531
13367
43465
36374
36619
18229
2514
15152
3807
3132
47569
41733
197284
48327
3245
8866
42081
17638
55690
25229
44158
47478
50928
9036
33991
197572
7700
41600
35329
21332
197118
29314
38197
50581
20225
21367
197649
57420
39228
36315
1789
4621
7385
21107
37944
53250
26505
6858
60458
15412
48043
28669
2860
33842
13304
6450
12578
12741
33676
38264
40633
198414
2
25441
33536
29466
12399
24829
57199
41288
28775
2857
262899
24129
17015
33871
7065
16322
262594
15594
209
41475
25146
36692
15320
29050
5683
57214
198236
35236
7821
26984
197602
22837
12722
39432
15206
31501
10464
25607
52255
29252
27139
3651
20799
56651
11507
25255
8069
7610
21105
48519
39120
9021
149
14453
62415
27887
20448
13878
38736
262865
10292
42841
21142
42610
52859
38726
197248
262659
1880
26209
4805
21709
21976
19555
51764
49025
5387
6774
28968
17819
7992
13066
46195
8591
46281
33073
40068
47350
30129
36412
48067
42245
4776
47394
23711
35393
559
16960
23005
52276
29208
12731
57451
39529
48524
21233
60294
52359
21294
4618
5103
28349
56046
1257
52323
37216
4717
10318
47463
56665
8608
18565
50023
54182
4629
5104
48881
25636
35531
21189
19255
3541
20495
25234
4208
39401
30817
11712
7725
38613
12883
15305
31017
35638
4789
11788
39248
10771
28802
132651
39613
56628
9263
24560
34052
50567
12510
9872
11706
21229
5607
38757
4862
198935
262748
15419
37148
21559
262355
30124
52770
11915
30094
1267
24111
57662
30880
12025
18210
38710
197177
48956
8881
17916
21286
22302
32855
6908
39505
35074
14007
32181
42995
37028
32522
34190
56511
34820
44911
28717
5463
38227
10326
6641
7784
15617
29649
2110
1342
1968
26617
262505
18594
15645
52967
20952
3640
55653
9116
12321
61400
16604
53185
23452
58453
52468
8825
31846
43226
28328
6306
20815
6939
15623
16391
15706
803
197888
18399
4796
9905
47949
16496
7596
37035
43666
12999
6503
29141
41221
31115
57918
41006
4635
31204
25648
43265
47837
25137
2762
15935
53767
28024
16835
30628
28590
44078
12874
24212
47764
16473
22299
1982
43153
36025
6539
16471
132641
12871
8529
49598
8167
44605
37233
52730
33489
15454
197078
52960
50463
23138
64256
29399
14979
50716
196991
58392
17444
40473
28668
45135
7832
6656
5665
22908
7604
48929
4581
293
14041
30961
132203
37529
46601
16202
41269
19233
35718
3737
25746
15738
38493
42210
37101
48237
21889
35768
42232
42516
262624
4648
12975
20355
27597
197042
11259
42318
36563
20730
23666
25293
34747
22177
196655
36728
62845
6981
22792
4199
11123
20015
26082
48414
13147
52048
34602
23076
19373
45250
18484
25272
29006
21737
22485
31546
196798
29545
60849
35091
6334
37320
31595
36914
29061
40788
30798
19104
35645
7048
54234
48254
35432
16038
36947
262532
29492
39551
43146
8346
5631
11766
24173
47541
39743
55794
9498
8057
8175
16024
19531
48692
30359
32613
15895
58273
33165
17477
4270
262606
20861
5078
197501
24229
11492
8359
29789
197686
8121
31220
22408
12897
20514
44168
15467
3902
17218
35753
4675
19817
7181
56169
21260
131127
14744
13030
17714
40725
32632
20515
18490
31243
49800
20884
29930
47777
23300
10594
28657
199103
44267
46691
23148
8518
19338
616
48464
11074
23678
49082
48076
25192
41175
55665
52956
44889
10200
9269
20021
35686
37013
29071
17999
28224
16524
8641
37906
45474
18616
25504
23724
199560
31736
262781
2544
30676
34912
30733
8501
197393
46933
26806
29838
13730
35916
28343
12355
262469
24342
47724
34244
14901
20255
14935
15606
41811
39138
263114
9830
28840
6805
50113
52403
6661
38149
13257
262689
10084
81
38987
9871
13555
34867
14275
8585
4927
26166
11847
9625
58511
18812
6059
42831
34892
25543
33130
13156
28678
48756
28274
47598
28137
21378
39422
31507
57816
26110
5009
41038
50891
35361
49350
32327
36912
14270
3776
9103
52873
58055
25999
35601
14702
36926
14127
42546
50688
2554
36683
12850
43154
5723
15029
21182
51528
53171
12657
33680
6695
12829
28247
20810
22799
18797
29457
35457
8282
56350
44436
26744
6364
7066
29287
46830
50035
52521
8823
9927
48832
7562
8685
2572
20552
50765
6428
6922
32592
34814
4544
33840
58207
10355
6147
39396
52116
2516
1408
42766
12997
48574
49102
26300
55644
10204
42126
32959
17785
42568
57594
57207
26422
42699
17228
12324
58599
49872
28497
35719
12542
56385
17222
44683
5715
38976
197045
52251
36549
36937
37256
23661
16283
42477
16205
28634
32710
17666
50434
49631
32354
38199
38621
4766
37928
57136
45634
18400
28124
24709
47502
37153
12685
262765
18199
9802
12460
3925
34764
34289
53480
28306
15191
39821
58173
43027
3602
8308
51884
6881
6303
6594
132579
36446
24963
39912
31286
35581
43513
262248
58470
260
49109
34224
9609
1723
53144
18508
31641
25133
29655
262192
47886
28576
38220
34554
262807
196874
43893
47253
30110
60471
197891
35745
11835
3213
57166
42005
33494
56634
34604
7774
52668
29386
31732
4795
43948
13124
21473
10929
34236
197556
41390
53078
35181
6913
53400
34772
43327
28279
18187
5468
47370
46844
58486
46435
262482
20101
38457
43962
393223
9394
48354
51580
1803
45536
31776
56260
3300
196763
27320
53072
4721
31672
27971
3700
13768
19009
23902
10970
37613
44507
56755
17254
38019
31370
58421
56802
44634
48625
3663
20562
25384
57187
28653
4263
131755
5425
38922
38202
23520
20870
32625
10217
4829
48858
42571
24043
50618
20161
17428
19029
24048
25562
9441
11693
2707
22663
52973
41847
4854
31172
5538
41794
49037
50821
5050
14923
17645
11745
39765
29304
12386
48479
51282
19397
51665
28165
55191
23641
14072
48205
8681
25668
23126
45430
30119
36489
131207
34248
36423
11854
57102
34700
25615
35986
41765
17184
24028
262721
49788
27929
41606
45595
26895
52708
13340
262293
132045
29182
41453
48400
33763
199635
36626
262717
54757
7752
1836
13170
26292
28299
38949
6731
39032
37184
28812
17494
8399
24936
44677
38661
19133
5524
31708
14543
14567
47116
12083
51903
47965
47143
45953
4186
3243
29354
9893
7633
27065
41151
23184
24699
29636
48517
34692
9655
22724
8643
44735
39156
44787
13324
30222
8966
34752
41345
8289
5605
49572
54034
41937
35518
8390
31391
9457
9534
17368
4996
25549
6768
9230
19170
25489
12817
56447
46455
6801
42548
199551
15475
23141
15075
31027
47881
11240
38640
55314
58298
52286
21687
49060
48148
10269
28684
8427
58655
6718
37133
21992
12481
44924
200094
11509
262634
26174
43172
7086
38585
31697
52308
12306
17400
44375
4833
16229
7860
51918
39335
42973
9304
33883
12486
12066
41360
57982
33786
3538
13215
64401
25003
53106
37031
3745
39299
7015
43418
34739
53659
31094
25887
24122
10715
58779
42775
1649
13354
50106
29608
50241
13058
56430
19902
2152
27796
57324
40220
15105
196925
18978
15808
18710
62553
13765
20568
54276
12810
34552
27893
43148
43538
29053
31725
49360
6360
29091
35706
53904
24638
7270
1797
18883
12895
11708
29791
19181
50128
6022
61382
43376
9370
42754
12644
262699
17439
52260
12445
32791
19497
27745
32329
39783
38913
34391
45411
30844
49549
59460
48842
31993
44654
33321
46062
20413
29712
5087
33182
15704
15800
47438
48533
59469
34364
21333
47271
33662
47232
18037
27805
36377
6367
29012
48278
35714
18747
9166
198416
21502
41230
56475
1569
44022
48380
55130
58461
39273
37449
38229
24724
20388
42786
52376
262903
198948
28797
54797
24236
31122
39738
12097
13193
22894
29909
263073
17828
25406
25159
26106
30282
8890
199599
55772
24362
15670
8897
29226
10910
33387
2895
7616
44096
24095
7693
39289
16192
16170
17046
5669
3816
8492
51577
47020
35491
1659
17293
5707
28226
194
45308
28250
8514
26259
20866
12129
12924
8905
14747
44053
197804
32244
33926
24739
20547
43074
30528
33122
132692
43727
36786
53780
263150
14048
25933
31685
11288
49893
29468
15600
3450
60610
4641
10019
43720
7602
24748
21859
32764
21132
45004
37958
46031
20080
57997
13644
16246
19159
41024
11653
31305
38477
29606
8291
15915
26068
19152
32634
10278
27425
46781
17747
8744
6672
12872
4901
19082
7377
28666
51985
36780
262561
45274
39399
43802
20625
6473
10160
2722
47474
59605
8553
43973
14329
13871
28545
26881
8245
8751
19228
18390
43612
18101
38994
18918
4760
33606
36997
42
13424
25515
8339
53174
23473
1103
23391
62421
21056
49502
33651
31148
31972
35937
58725
11556
5435
25556
19089
38071
41066
32035
39056
2687
5111
131358
10417
5555
17659
29404
18730
54048
37662
196953
557
55176
52658
6372
8612
3325
12808
34033
8675
43559
18638
31277
7132
25070
17287
27693
29194
4004
60497
20231
9482
58443
42555
17547
22969
47445
14755
30870
8788
45305
22335
262996
6342
25520
30081
16054
30700
45014
17408
28347
16076
19169
51060
37313
8103
33838
5071
11058
13213
46404
3758
39775
10823
57084
20845
21284
25144
38712
45552
26468
44412
19812
15924
58672
263001
40393
12693
8820
49957
13307
58913
131349
38506
11799
25468
513
16095
45587
46529
8629
29974
34909
16966
797
53179
17727
45710
50898
11796
39011
16083
47814
42514
27085
10223
48951
3320
50171
49231
12148
11426
198893
33098
44337
18592
35339
197175
7849
36242
31012
35017
50316
55395
28751
198243
47586
16010
23537
27678
41483
21266
21050
33310
21540
37930
27814
31400
45725
25535
48239
47796
51653
28245
29329
6057
262733
25993
11367
45498
15331
35443
6807
10972
8426
47184
46198
262182
55884
47795
7137
812
17939
35032
262687
8970
48230
29049
48438
46698
8837
5480
44575
198385
15006
29017
2381
28824
11602
59492
36678
56056
1237
34456
59620
5691
26907
49160
2490
28736
50146
196948
262363
26554
41266
48115
51464
44208
12540
42104
38040
8382
28917
41960
12140
31953
55329
6389
28362
48223
5725
11260
45455
16626
29217
36959
1126
6738
57129
263057
16540
48129
31769
6697
36986
55805
50772
37054
197447
56465
50956
28907
26724
25351
17379
48961
56186
13246
4802
42306
12716
2852
6025
29473
18786
32097
49349
4780
3720
39944
38623
197260
36928
15433
27738
15169
30444
14477
5664
14589
779
7268
22562
27257
25358
16880
28885
6559
12064
47652
37011
34984
8377
28155
10036
13649
7925
33247
55663
55655
51290
52444
18779
53264
3209
263432
29831
24298
14140
20013
47328
197343
55434
18118
51408
19893
760
5459
31360
44160
2594
27034
44033
61010
7594
30709
35003
19842
262522
18200
18209
28198
16795
24893
35567
44895
4673
577
51579
48176
8265
41599
44257
21312
6528
29988
19383
8055
19108
35434
1120
12284
20853
42957
7474
23243
1251
31242
24203
15587
197922
16186
24867
23518
45157
27382
29674
41011
49001
41427
52262
1828
13188
38278
31549
37269
306
18839
34644
23575
131758
8192
6782
53237
55761
29340
29744
7296
1455
44185
42473
19498
10012
262854
43826
196714
199105
55738
13592
5547
40151
2716
4
45729
30689
54876
30971
196883
48141
262254
41157
37308
12637
5408
31475
131279
197529
262955
53061
22150
40975
45629
13122
16333
6911
52962
58002
60564
26299
27047
101
49831
40304
23550
16916
9039
17511
30889
61327
20979
22768
39781
18450
2510
17621
29319
38525
29125
54301
15747
29699
17469
49565
53076
58224
20849
20631
29403
15576
47815
42655
21017
197848
35699
4269
35614
47480
61059
35633
43531
32952
8895
41596
2939
246
9918
55480
52673
33660
5610
15699
30032
45117
43073
13363
53690
41822
8319
1767
7497
22661
8767
51407
23893
6855
11588
11714
262723
33667
53099
31554
34525
17451
51363
39869
30721
1554
9670
39787
3707
36624
42927
44619
6315
198310
30977
8596
7314
46043
21623
50837
9260
45845
58152
30479
47273
8301
8148
25761
4686
8207
41657
41340
28624
6762
27742
39287
27168
44514
47169
28239
48102
49335
198171
22011
17447
6703
27986
197453
15830
41842
39669
9198
27067
25291
27005
14288
54924
33788
43373
35025
59440
25446
13094
11348
48347
5522
30914
45932
44764
55803
28204
39264
33902
18865
15732
7670
197091
15598
55158
48704
35178
18366
25577
30259
10352
12187
6419
22394
40412
47398
34470
14793
32152
23745
5416
60725
54318
61028
35622
38803
39310
30183
9297
41930
8551
28554
46687
28926
15802
9876
24989
40414
55824
7349
21371
25220
10002
198818
15934
27154
49743
34762
11816
18683
2820
17419
262631
20375
21101
34104
47873
15851
262715
44647
20679
31432
21541
34251
29436
38732
11812
7475
17676
43542
8449
199631
44383
54308
20895
24592
3633
25528
47406
10933
11776
54929
9729
49855
31229
28910
11837
29384
49026
199624
19257
28146
25795
25588
43754
38478
29321
37063
31720
41165
20936
31877
30985
37985
34655
42773
16531
30122
15782
41056
57
59156
27199
25372
3790
41704
36030
35
48828
38835
34550
25320
665
8997
62523
48530
43567
6739
37596
12315
20876
25472
15653
31415
13238
198704
20115
198411
13576
24651
15945
51088
22030
12390
4436
15351
20903
197798
29614
9211
24186
29152
8437
49058
41791
16066
29453
56356
29232
132243
52233
54841
9329
12530
43110
15756
197764
34235
33874
26230
12670
44278
14472
27323
12625
17813
25521
6820
52280
51960
58749
41722
50562
34426
11537
48537
35400
48370
24085
11942
32105
41148
132347
18479
33044
12143
28163
14230
21462
6828
34309
14921
38652
9121
32703
39480
21846
198599
2648
56895
20357
39574
132458
51048
3327
31283
18042
19905
9700
38858
10271
45432
262560
55352
31368
18051
16905
43343
49375
56704
11530
14989
30295
10094
6167
13446
17890
48872
14237
4151
25122
36632
5397
20916
8286
5504
11255
39873
7393
23688
17498
7782
13249
36628
7012
47989
31319
20738
52099
51375
19881
4250
17113
5438
5617
31643
55140
37273
6412
57290
38883
57994
14866
47728
45295
26759
24679
30361
28978
30583
42918
9466
44671
53143
53727
49340
14832
6886
54700
25983
3376
20773
263649
47329
4565
262600
3226
9145
27724
7754
15265
6203
393220
57422
18566
210
42224
12641
5381
9587
34146
42989
47293
9785
48823
48470
24688
56239
34560
28099
15734
7046
17225
9892
36846
2048
131210
53238
44012
41305
23674
22773
271
60690
17233
8240
23268
20002
3742
48757
41082
15658
4693
33885
10653
31727
28292
31102
34393
41881
3265
39660
16395
9313
36222
9950
49403
20412
5662
17668
35689
43203
32098
21310
1689
7713
43833
3312
42781
45163
60528
132106
2897
19586
5432
13359
46841
36137
10077
3268
43711
10674
43474
42742
13720
6662
262750
34421
48642
26426
8717
7795
12905
15958
51939
262669
199997
7151
8393
31662
4651
6775
27947
48781
31078
31133
48441
38930
44285
35205
39837
39211
46749
34006
58782
23756
6834
44176
36943
39168
37353
22489
41867
7342
11013
10625
28220
17941
24665
15527
48483
6701
24482
45648
24506
31543
25466
59686
17697
3855
31200
8928
28849
262772
24246
52153
8677
64
42532
25473
25369
15672
32890
1733
2153
197742
6534
34916
24703
4670
24672
20850
132434
24810
32868
2602
31198
49183
43670
7837
196881
12772
60304
4818
40984
10881
54275
2848
6802
132787
13831
55799
48032
42031
11340
54527
20207
28738
39091
198149
55865
34797
33701
51543
50884
12599
18344
6699
15426
28207
34688
3378
47123
18119
4454
5563
9942
7631
12926
4787
263579
12713
28512
45400
8871
7829
4907
262660
36923
58629
7016
12480
37658
16371
40028
28360
39232
35366
12389
42549
28133
197017
45727
29285
39134
5568
37182
19381
14051
34863
32107
4771
24090
27287
50655
47742
19782
21191
6833
41904
32270
30524
26076
47594
18103
11363
51337
18488
6629
62471
7714
42596
49558
15766
41479
6903
46595
3755
8326
13694
37280
5413
41714
57763
1299
31712
5109
15545
38924
12112
25689
13046
23342
19331
13331
24538
45298
24138
6866
29582
24945
50245
62600
818
48339
55405
25509
39526
35189
4758
44252
20969
26854
20519
34120
24388
18002
38616
2527
32748
51190
24848
48950
2818
36962
33227
51728
9607
16080
22873
58620
10927
19182
198229
8247
10834
8513
29169
9119
15930
33923
19086
27506
52824
11855
50173
11758
51754
29846
11346
12343
44600
12033
33624
5107
32787
30745
9299
2596
1503
24478
28637
55850
25532
16445
15301
15450
53182
33904
55818
47645
11368
553
27153
48957
8443
38154
16058
16559
55559
195
53059
5800
48265
31034
47451
262279
1241
5495
45599
647
13979
29607
30686
24390
27537
57664
25967
47065
35199
174
29686
11232
28699
10607
3681
9909
23816
12695
49074
57866
12754
29170
15421
58310
34660
32760
13791
27817
41770
11919
35512
9158
34718
21570
2018
8374
50187
9901
41313
58691
16594
28769
19214
8194
30436
14754
8523
35516
50481
7656
8570
15547
47205
42090
32867
10778
30962
27552
24489
9137
12778
5550
15685
6621
45762
44141
23988
47381
50292
95
3291
24220
6222
8241
18146
39582
47659
28400
52208
37678
26609
21243
9182
57085
39251
262599
44050
29530
47614
34444
19982
44135
14259
262272
17721
27373
31353
7949
268
16190
35376
22006
1297
9033
19863
262697
262374
50507
20590
32400
35030
25084
21226
12684
20942
33742
21175
7477
50989
28716
3333
34584
10024
25002
8613
25956
39545
48573
39197
13065
15929
18474
30793
15510
12958
51930
32882
52550
33749
35805
20928
9680
2839
14670
12274
1290
39701
12121
59542
20041
262237
12042
33650
36498
43404
23122
4713
26613
17917
13819
15879
16276
36874
24995
9814
12730
5583
12337
46562
7642
2588
42303
51431
30813
50597
20721
47447
200166
30696
48971
1351
32440
9406
13208
37204
61146
8728
21155
44964
15919
20707
39046
196890
8938
46216
31760
42590
59442
8774
6849
11852
8657
2538
45899
198417
39122
262907
378
18806
47148
12260
39718
41364
25227
10583
29388
262695
19035
13490
198048
51440
13550
12859
9355
56484
29303
36436
37271
14089
31342
8447
59507
55945
15997
6769
36326
29620
50952
36965
39923
52626
131702
25035
25975
31147
57954
36869
20804
1555
199020
33929
8749
9112
30691
23089
10753
8545
6983
9911
38283
33791
31430
14840
56515
21103
197021
43517
45558
7682
16300
16814
48361
43371
32808
28859
12507
46609
36049
197495
11817
12180
31252
42163
31272
9831
36280
21263
49023
52245
132442
24586
32385
28086
13293
6736
7543
22938
49125
17754
47869
28103
38932
17231
21277
12302
41958
38026
25459
13092
34974
25308
10475
29259
17012
48773
34065
2874
8925
3685
47725
13002
3605
42087
45158
30071
27204
46797
11317
47601
26788
30211
54475
44444
49605
52937
15570
151
35320
18127
50046
22742
262493
55707
36885
31246
57681
22689
20328
20570
30836
9738
56337
4040
43082
14492
8508
30285
35333
56309
27884
28625
9650
16741
21356
29047
262848
45668
9167
36687
30028
197711
20847
44027
31863
12768
27765
21274
24720
39151
53817
22898
18895
50459
28656
49962
3422
28189
49444
18793
9674
42014
44286
48589
23895
49488
6487
49019
24599
11359
10533
12069
19316
41659
14116
37076
263444
7276
31377
13118
39444
53153
36954
26124
51090
32973
62784
39785
17709
46989
36236
23491
7091
9086
29081
41824
58314
41789
23422
39555
19853
48870
51394
50010
19174
56624
262676
11402
50649
17619
3949
33082
57427
34948
53703
196742
27876
44800
12576
6786
42352
43168
7500
21803
29553
43687
58815
12989
23855
17951
30767
38794
50699
4134
11107
7298
33224
48209
32328
51154
3462
11664
10310
44009
34144
44302
47104
2379
46860
45029
15373
11924
31950
4600
17361
10208
48500
4237
44124
131373
25124
31484
25720
17857
262814
10973
28773
54240
14868
4230
56286
17958
12769
17625
2486
22691
12880
3277
37090
35571
197541
34204
36351
2470
45437
53823
12361
48200
8304
42226
35238
57588
31653
12779
51230
15267
20993
56218
58474
43939
27896
5616
38288
40676
35409
34555
29432
10099
45758
43100
5769
21817
11522
28267
16503
17561
262403
12912
39811
23930
3253
24198
262761
24958
40395
122
43024
5421
262700
3215
14551
2159
4725
4538
41883
37110
47524
31850
7629
44942
45224
37366
21949
56358
27136
45265
3352
21305
16347
1280
29177
48092
25061
6876
49835
19567
24437
36135
32743
56111
24350
15493
50993
17623
8025
17072
43967
4267
31611
36666
262421
13337
20521
30539
49891
7654
15090
55714
49342
11955
29154
29031
6128
9506
702
21365
29439
6799
28169
17170
14131
47440
23677
262195
42385
48081
28263
7106
12145
21838
24534
9050
132652
17266
22199
27325
22667
5537
48803
38944
196777
12251
262844
31857
16284
12502
17806
12536
39572
44826
15974
47456
42694
15353
173
13540
28210
25019
24167
262828
9723
55658
262318
57174
197064
34527
5486
28761
15803
31576
25203
5580
30059
52173
44042
198288
3388
8345
48658
15439
35795
43999
34303
48539
25376
32705
22244
53242
13194
34326
30170
40824
21061
12705
18114
29877
14824
52320
131203
3194
15697
47442
29209
55651
57011
30784
24348
39309
44927
7465
53848
45494
45991
25767
12586
5386
33480
8386
14910
37223
58303
41454
59701
22361
15612
25883
8954
21628
32609
31500
8261
36623
39473
3770
35584
20597
18972
197116
34129
62889
34225
44587
39295
12189
45413
34977
197960
54020
38294
15428
25525
262873
47961
44894
30666
34858
28241
33132
56391
6197
43267
9925
46193
3316
28284
198816
10708
1645
131165
9667
39074
637
25248
43274
19453
39475
43561
36925
7668
56851
18000
199888
12611
49544
30167
42652
49715
45194
14244
8821
2552
41854
5585
30600
45590
21527
31715
45513
286
262684
16117
262444
42518
38611
54652
24105
199438
7397
15964
44814
21943
48057
11845
21688
262620
15164
9797
34347
33397
30217
199545
54596
43260
20208
6723
29497
27216
42456
10102
3261
9315
16550
44356
23106
19180
56258
12969
13127
29069
26091
8784
23966
8511
22717
11115
58499
21488
13041
24532
48234
6163
18618
19809
1140
16842
4922
51468
13333
57707
61130
43293
4459
20516
42981
12470
39835
10032
52774
4812
23248
23884
35847
5693
34060
37358
5403
34419
29076
37228
39948
42739
21174
11670
262752
17534
10113
197862
43192
51945
46208
35425
43476
36012
4136
14271
197216
10277
3801
45804
251
15177
27810
39434
3900
5434
131303
38753
24466
27773
45825
51167
8527
27445
41898
35815
24357
48570
10049
30029
31566
54931
45769
2529
48939
8926
56251
14299
43244
21345
49309
19551
34898
50392
30312
8416
1136
21250
48485
35352
35141
51892
11491
53471
24088
15469
44552
21353
9042
23131
13037
49185
46375
6690
34119
24863
20931
35131
39493
55536
37978
745
35019
15798
42613
47377
55740
9822
6034
4265
52346
53582
7598
39153
34594
4007
9845
45405
24742
25139
8615
42753
2740
19711
40763
20473
30517
292
17141
32865
5714
43576
5778
11686
21616
28187
73
16243
5479
43405
43668
39039
49461
26452
46627
1970
4697
14709
32885
11751
4765
57501
3491
29732
40871
10886
54682
24
17974
7014
42335
44056
35154
196678
34442
31117
55785
35994
49925
28663
34569
6296
28158
197155
8664
9976
21547
786
23054
50009
45396
52201
33951
37687
14717
719
4645
20500
24295
48964
10796
48293
1742
14773
18105
29278
5602
6224
16265
23709
19437
39392
27767
6714
28877
42564
12735
20544
53217
9008
9652
52026
15742
31323
197588
29550
33309
12044
60587
5394
8075
7545
31529
48161
48918
9931
23986
16942
12831
18371
55385
58439
39591
16557
45046
10490
198722
28323
26801
58430
43797
9549
20649
17787
52036
33771
12570
132761
196936
20406
46053
262502
7578
2698
29479
30165
24399
792
28870
20824
52783
30176
1248
37282
35612
11979
35575
4205
34547
21213
59547
43443
21392
31845
45287
12179
55330
50569
4844
56595
55934
49401
19803
18934
47809
36974
53115
26810
12597
23721
8680
44722
16431
49151
53231
30264
44913
132267
28697
21064
52758
262760
25512
2671
40097
15121
12974
30526
29695
43751
9032
28192
53058
45960
8402
132003
19528
55862
45334
262792
38001
59681
7896
88
30740
29668
12119
53989
13209
11164
6576
39761
53068
31424
55391
15640
32524
32844
9125
15982
48124
17884
32262
33920
18885
